0.00295373639229
0.01980939242049
0.01918152929246
0.01160047612693
0.00658312312634
0.01393643149824
0.00548485140572
0.01926220531541
0.00591278016843
0.01581151007480
0.01740282047419
0.01154710962975
0.01052893756448
0.00234517490600
0.00393788775613
0.00577987591074
0.00039008725453
0.00990186327598
0.01284219490031
0.00559003280736
0.01647364409476
0.01927409826744
0.01999746763147
0.01776003883116
0.01483441889977
0.01223471071210
0.00172078354364
0.00394243519005
0.00528905913480
0.00817349595398
0.00282319473234
0.01843292485850
0.01571584446156
0.01952800406121
0.01628403871147
0.00683264144083
0.01843499037364
0.01542032610412
0.01456137186594
0.01198134096897
0.01130991328103
0.00082398859822
0.01475362485962
0.01222559856820
0.00186848566954
0.01367175456773
0.00926473894588
0.01821365654385
0.01141502835388
0.01483367017230
0.01609288696018
0.01974645471189
0.00111539742030
0.00134887529600
0.01155941316465
0.00443287076635
0.01910476245876
0.00598864665534
0.01796269982958
0.01748347381944
0.00476473818755
0.01867705122506
0.01993968492371
0.00853095241288
0.01760392224305
0.01893059405448
0.01870560400128
0.01821074563927
0.01090275300243
0.00679018033053
0.00879473514333
0.01066010374141
0.01386770156858
0.00782241688474
0.01588544337819
0.00623730844177
0.00111579276673
0.00043264296857
0.00410873598610
0.01279478525407
0.01707899939133
0.00037961879763
0.00457898030271
0.01195819200573
0.01388630878827
0.00601151853148
0.00201103327890
0.01458740554498
0.00865306169198
0.01194093335976
0.00079420894421
0.01725994613825
0.01486003963037
0.00897299778134
0.01557590317706
0.00442226004993
0.00691487003440
0.00769143042513
0.01303805133935
0.01977620175098
0.01703472150352
0.00304169622392
0.00571842462091
0.01407487580277
0.00832987540789
0.01141581445533
0.01277957306839
0.00277158404830
0.00713359525759
0.00577667932295
0.00608759816088
0.01445082390423
0.01572068084763
0.01298519613826
0.00840278992821
0.01107262446129
0.00665537109908
0.00141832389935
0.00391294544745
0.00178969381460
0.01031012476902
0.00003272536212
0.01968595501021
0.00073429776390
0.00528736112886
0.00620905096932
0.01709933995134
0.00223879121348
0.00869066599230
0.00713811423962
0.00391246065680
0.01838836419321
0.00472797046636
0.00386238150478
0.00101761745336
0.00141209131172
0.00305970827260
0.01517802669442
0.01852656642838
0.01588806421304
0.01274762789381
0.00074606214685
0.01316589045951
0.01069837120860
0.00107661023786
0.00905279180457
0.00731319818055
0.01538937330031
0.00043857939562
0.01066600585853
0.01876879711578
0.00860557585424
0.01975206005375
0.01169085478955
0.00925154613762
0.00138360894350
0.00818731148177
0.00971253660028
0.01385423233446
0.01764901691007
0.01569526594863
0.00618260634420
0.00059084069943
0.00047140200644
0.01504625302509
0.01767977400575
0.00037103147263
0.01006021542943
0.01665899406032
0.00630228554192
0.01762539407128
0.01539721465455
0.01894858989816
0.00738297390164
0.00353320607149
0.01139027676144
0.00004955154846
0.01190279568168
0.01985035059967
0.01627379649145
0.01243043889870
0.00971607935136
0.00486636949930
0.00452210056806
0.00631652086336
0.00477859525233
0.00757142498510
0.00025545599882
0.01111651917506
0.00549709924753
0.01047777737047
0.01279145015999
0.01609067301084
0.01287690618675
0.00113854063728
0.01849510205840
0.01707146080074
0.01648431273014
0.01425979637274
0.01463070832874
0.01892173670182
0.01115233359446
0.01429493836793
0.01096995829184
0.01085670544340
0.00402845842020
0.01771640149770
0.00841669554283
0.00231054782975
0.01245428987427
0.00102652105551
0.01119787032306
0.01239836447518
0.00145158153095
0.00929208043464
0.01801466055122
0.00567946791913
0.01359592448622
0.00887087422836
0.00596987723651
0.01194408351180
0.01285519825893
0.01327515692137
0.00509975143014
0.01010128450119
0.01910415694076
0.01675968734397
0.00686778058618
0.01463667536836
0.00695670608755
0.00715955214908
0.01874178839789
0.00486775447841
0.01137642740802
0.01152741240874
0.01972438242274
0.01566392789393
0.01346336785400
0.01022968019835
0.01689285463509
0.01498609034111
0.01356685575730
0.00569426041362
0.00764442566207
0.00407113372538
0.01769605773394
0.00640287492722
0.01317561203296
0.01996844305655
0.01671478290889