3
10 inputs/process_1
42 inputs/process_2
99 inputs/process_3

10 0000010011101111
10 0000101001100000
10 0000101011000111
10 0000010011101111
10 0000000000111001
10 0000101011000111
10 0000011000011001
10 0000100100101101
10 0000101011000111
10 0000010100000001
10 0000110001000011
10 0000000001101000
10 0000011001111000
10 0000101011000111
10 0000000110110010
10 0000010011101111
10 0000001111101101
10 0000001111101101
10 0000010011101111
10 0000000000111001
10 0000101011000111
10 0000011010110010
10 0000101010110111
10 0000101011000111
10 0000001111000100
10 0000010001010010
10 0000010001010010
10 0000001111000100
10 0000110000111101
10 0000001001001111
42 0000000001110001
42 0000001110110001
42 0000001001010001
42 0001010100101000
42 0001100110011111
42 0000001101101000
42 0001011111000001
42 0000010111001110
42 0000110100000110
42 0000111001111010
42 0000011000010101
42 0000101001101101
42 0000110011110011
42 0000101001101110
42 0001011100101100
42 0001011110000001
42 0001100100110111
42 0000010110011010
42 0001110100010011
42 0001101010100010
42 0001111010100010
42 0001100111011010
42 0001000001100001
42 0000010000100001
42 0001011110110000
42 0001001100010110
42 0000010100101000
42 0000110101100000
42 0001100110111011
42 0000010001101000
42 0001001101011101
99 0101101010100111
99 0100101000110101
99 0010000100010110
99 1000000101000010
99 0111100000001111
99 0001001111110000
99 0100110110101111
99 0001010011101011
99 0011100111000010
99 0001100100100101
99 0011111111000100
99 0110001001000000
99 0000010110001100
99 0000011110001101
99 0001001100011001
99 1001001001100100
99 1000011110100100
99 0110011110111100
99 0111110001101110
99 1000101001001101
99 1000010001101111
99 0110001100101001
99 0001000101010110
99 0011111110000011
99 0110011111110000
99 0010000010101001
99 0101000110011001
99 0000110111001100
99 0111110010001011
99 0001011000100110
99 1001001010110100
99 0001010100000001
99 0001101101111100
99 0001101100110001
99 0100010010001010
99 0011000010100100
99 1001100011011001
99 1001010100010111
99 0101110100110110
99 0001010010100010
99 0011000110011010
99 0111100010011011
99 0101011010000010
99 0101010000101110
99 0001111101001000
99 0010011000111100
99 0101111101100010
99 0000010011111010
99 0011110101100101
99 1000001011011100
99 0010010000111011
99 0001111111001101
99 0100101000100001
